8
3
3
9
4
10
2
0
0
9
8
9
6
9
0
6
2
0
9
1
6
8
0
3
9
7
10
3
2
9
10
7
7
3
3
2
1
7
1
0
10
9
9
10
3
6
0
10
5
10
5
4
4
0
1
0
3
2
0
2
5
10
8
9
2
9
5
6
2
8
5
6
8
5
4
3
6
2
2
1
8
10
5
9
10
4
8
10
5
10
10
5
6
1
4
3
1
2
2
0
8
3
3
9
4
5
10
6
0
10
2
9
7
1
6
6
9
0
1
0
8
3
3
9
4
4
9
7
1
10
6
7
0
10
2
7
0
1
0
0
8
3
3
9
4
0
6
9
7
3
8
6
10
2
4
9
10
1
0
0
8
3
3
9
4
3
5
0
0
5
3
7
7
4
3
8
6
5
0
0
8
3
3
9
4
1
4
6
5
7
5
1
9
4
5
8
7
6
0
0
8
3
3
9
4
0
3
9
9
7
5
7
3
4
4
7
2
2
0
0
8
3
3
9
4
9
3
10
3
0
2
0
7
6
3
9
1
6
0
0
6
8
0
3
9
0
6
0
0
0
0
1
0
1
2
0
0
0
0
0
3
0
3
2
3
2
32
10
2
2
2
2
3
2
3
8
3
2
2
2
2
1
12
9
