0.034
0.03611
0.038220
0.040330
0.042440
0.044550
0.04666
0.04877
0.05088
0.05299
0.0551
0.05721
0.05932
0.06143
0.06354
0.06565
0.06776
0.06987
0.07198
0.07409
0.034
0.03611
0.038220
0.040330
0.042440
0.044550
0.04666
0.04877
0.05088
0.05299
0.0551
0.05721
0.05932
0.06143
0.06354
0.06565
0.06776
0.06987
0.07198
0.07409
0.034
0.03611
0.038220
0.040330
0.042440
0.044550
0.04666
0.04877
0.05088
0.05299
0.0551
0.05721
0.05932
0.06143
0.06354
0.06565
0.06776
0.06987
0.07198
0.07409
0.034
0.03611
0.038220
0.040330
0.042440
0.044550
0.04666
0.04877
0.05088
0.05299
0.0551
0.05721
0.05932
0.06143
0.06354
0.06565
0.06776
0.06987
0.07198
0.07409
0.034
0.03611
0.038220
0.040330
0.042440
0.044550
0.04666
0.04877
0.05088
0.05299
0.0551
0.05721
0.05932
0.06143
0.06354
0.06565
0.06776
0.06987
0.07198
0.07409
0.034
0.03611
0.038220
0.040330
0.042440
0.044550
0.04666
0.04877
0.05088
0.05299
0.0551
0.05721
0.05932
0.06143
0.06354
0.06565
0.06776
0.06987
0.07198
0.07409
0.034
0.03611
0.038220
0.040330
0.042440
0.044550
0.04666
0.04877
0.05088
0.05299
0.0551
0.05721
0.05932
0.06143
0.06354
0.06565
0.06776
0.06987
0.07198
0.07409
0.034
0.03611
0.038220
0.040330
0.042440
0.044550
0.04666
0.04877
0.05088
0.05299
0.0551
0.05721
0.05932
0.06143
0.06354
0.06565
0.06776
0.06987
0.07198
0.07409
0.034
0.03611
0.038220
0.040330
0.042440
0.044550
0.04666
0.04877
0.05088
0.05299
0.0551
0.05721
0.05932
0.06143
0.06354
0.06565
0.06776
0.06987
0.07198
0.07409
0.034
0.03611
0.038220
0.040330
0.042440
0.044550
0.04666
0.04877
0.05088
0.05299
0.0551
0.05721
0.05932
0.06143
0.06354
0.06565
0.06776
0.06987
0.07198
0.07409
0.034
0.03611
0.038220
0.040330
0.042440
0.044550
0.04666
0.04877
0.05088
0.05299
0.0551
0.05721
0.05932
0.06143
0.06354
0.06565
0.06776
0.06987
0.07198
0.07409
0.034
0.03611
0.038220
0.040330
0.042440
0.044550
0.04666
0.04877
0.05088
0.05299
0.0551
0.05721
0.05932
0.06143
0.06354
0.06565
0.06776
0.06987
0.07198
0.07409
0.034
0.03611
0.038220
0.040330
0.042440
0.044550
0.04666
0.04877
0.05088
0.05299
0.0551
0.05721
0.05932
0.06143
0.06354
0.06565
0.06776
0.06987
0.07198
0.07409
